Board 2 (50 V input cap)

ii
x = [2074.995, 2123.36, 2204.376, 2284.707, 2366.133, 2430.529]
y = [0.2694, 0.8493, 1.823, 2.804, 3.785, 4.560]
(0.012080510642777674, -24.80068559304638)

il
x = [2064.647, 2111.044, 2189.574, 2268.016, 2347.059, 2409.087]
y = [0.2694, 0.8493, 1.823, 2.804, 3.785, 4.560]
(0.012452883241412915, -25.44104518340359)

io
x = [2043.083, 2091.44, 2175.244, 2259.078, 2342.896, 2407.018]
y = [0.2694, 0.8493, 1.823, 2.804, 3.785, 4.560]
(0.011751354084716911, -23.73712549633501)

vi
x = [136.069, 340.369, 680.465, 1021.094, 1361.184, 1633.227]
y = [2, 5, 10.01, 15.03, 20.04, 24.05]
(0.014789272601660538, -0.008375517562761644)

vo_dc
x = [108.215, 311.978, 652.564, 993.868, 1335.529, 1608.438]
y = [1.578, 4.55, 9.54, 14.54, 19.54, 23.54]
(0.01464151004446206, -0.012438849450212095)

vo
x = [107.275, 309.856, 648.451, 988.086, 1327.656, 1598.945]
y = [1.578, 4.55, 9.54, 14.54, 19.54, 23.54]
(0.014724696702574171, -0.007491753705390119)
